649,2
649,1
649,0
648,5
648,4
648,3
648,2
648,1
648,0
646,3
646,2
646,1
646,0
645,4
645,3
645,2
645,1
645,0
644,3
644,2
644,1
644,0
643,7
643,6
643,5
643,4
643,3
643,2
643,1
643,0
642,4
642,3
642,2
642,1
642,0
641,3
641,2
641,1
641,0
640,4
640,3
640,2
640,1
640,0
639,8
639,7
639,6
639,5
639,4
639,3
639,2
639,1
639,0
638,4
638,3
638,2
638,1
638,0
637,3
637,2
637,1
637,0
8,3
8,2
8,1
8,0
4,3
4,2
4,1
4,0
3,6
3,5
3,4
3,3
3,2
3,1
3,0
2,2
1,2
0,442
0,434
0,419
0,414
0,412
0,408
0,402
0,397
0,396
0,394
0,377
0,331
0,322
0,243
663,1
663,3
663,0
2,5
1,1
1,3
1,0
664,1
664,3
0,383
664,0
2,1
2,4
2,3
2,0
0,9
0,310
0,305
0,308
0,304
0,303
0,302
0,307
0,12
0,370
0,10
0,8
0,0
0,334
0,300
0,343
0,299
0,430
0,298
0,328
0,297
0,424
0,296
0,317
0,295
0,365
0,294
0,421
0,293
0,422
0,292
0,420
0,291
0,327
0,290
0,432
0,289
0,337
0,288
0,399
0,287
0,349
0,286
0,332
0,285
0,382
0,284
0,415
0,283
0,358
0,282
0,447
0,281
0,280
0,320
0,279
0,439
0,278
0,417
0,277
0,392
0,276
0,325
0,275
0,395
649,3
649,4
650,1
650,2
651,0
651,1
651,3
652,1
652,2
653,0
653,1
653,3
654,1
654,2
655,0
655,1
655,3
656,0
656,2
656,4
656,5
657,1
657,2
658,0
658,2
658,3
659,0
659,1
659,3
660,0
660,2
661,0
661,1
661,3
662,0
662,2
662,4
663,2
663,5
663,6
664,4
664,5
664,6
664,2
663,4
662,3
662,1
661,2
660,3
660,1
659,2
658,4
658,1
657,3
657,0
656,3
656,1
655,2
654,3
654,0
653,2
652,3
652,0
651,2
650,3
650,0
0,274
0,411
0,273
0,431
0,272
0,316
0,271
0,429
0,270
0,393
0,269
0,390
0,268
0,348
0,267
0,388
0,266
0,364
0,265
0,315
0,264
0,357
0,263
0,345
0,262
0,413
0,261
0,409
0,260
0,313
0,259
0,403
0,258
0,335
0,257
0,309
0,256
0,416
0,255
0,380
0,254
0,398
0,253
0,437
0,252
0,436
0,251
0,319
0,250
0,435
0,249
0,391
0,248
0,381
0,247
0,407
0,246
0,379
0,245
0,361
0,244
0,400
0,242
0,318
0,241
0,376
0,240
0,406
0,239
0,336
0,238
0,311
0,237
0,350
0,236
0,374
0,235
0,351
0,234
0,338
0,233
0,373
0,232
0,324
0,231
0,375
0,230
0,410
0,229
0,353
0,228
0,372
0,227
0,342
0,226
0,371
0,225
0,427
0,224
0,369
0,223
0,301
0,222
0,405
0,221
0,418
0,220
0,314
0,219
0,354
0,218
0,385
0,217
0,378
0,216
0,330
0,215
0,401
0,214
0,347
0,213
0,386
0,212
0,368
0,211
0,367
0,210
0,366
0,209
0,389
0,208
0,428
0,207
0,340
0,206
0,387
0,205
0,425
0,204
0,363
0,203
0,359
0,202
0,356
0,201
0,323
0,200
0,446
0,199
0,339
0,198
0,321
0,197
0,326
0,196
0,423
0,195
0,312
0,194
0,333
0,193
0,426
0,192
0,404
0,63
0,445
0,62
0,355
0,61
0,443
0,60
0,341
0,59
0,440
0,58
0,362
0,57
0,56
0,346
0,55
0,438
0,54
0,384
0,53
0,433
0,52
0,360
0,51
0,441
0,50
0,352
0,49
0,306
0,48
0,329
0,47
0,444
0,46
0,344
0,45
0,6
0,5
0,1
0,11
0,4
0,2
0,3
0,7
